# Configuracion:
# Concentracion g/m^3_=_700.0
# C_Vs_to_Am_M_A/Vsm_=_25649819763.59163
# pendiente_HvsI_1/m_=_3716.3
# ordenada_HvsI_A/m_=_1297.0
# frecuencia_ref_Hz_=_312867.29943939176
# 
Resultados:
# tau_s_=_(2.56+/-0.38)e+01
# dphi_rad_=_6.33+/-0.01
# SAR_W/g_=_245.76+/-31.13
# Hc_kA/m_=_1.92+/-0.13
# Mr_A/m_=_3.95+/-0.29
# Suceptibilidad_a_M=0_=_0.0020+/-0.0001
Nombre_archivo	Time_m_(s)	Temperatura_(ºC)	Mr_(A/m)	Hc_(kA/m)	Campo_max_(A/m)	Mag_max_(A/m)	f0	mag0	dphi0	SAR_(W/g)	Tau_(ns)	N	xi_M_0
300kHz_150dA_100Mss_bobN5LB100CP2VS0013.txt		20.00	4.01	2.04	57041.50	37.71	3.128492e+05	7.482956e+00	6.341352e+00	255.33	29.622635	4475	1.945e-03
300kHz_150dA_100Mss_bobN5LB100CP2VS0015.txt		20.00	4.08	1.91	57041.50	46.56	3.128492e+05	9.062455e+00	6.333144e+00	265.63	25.435261	4475	2.113e-03
300kHz_150dA_100Mss_bobN5LB100CP2VS0017.txt		20.00	4.20	2.04	57041.50	42.22	3.128492e+05	8.175541e+00	6.340651e+00	275.60	29.264935	4475	2.035e-03
300kHz_150dA_100Mss_bobN5LB100CP2VS0019.txt		20.00	3.84	1.84	57041.50	44.70	3.128492e+05	8.771075e+00	6.326246e+00	221.61	21.918570	4475	2.064e-03
300kHz_150dA_100Mss_bobN5LB100CP2VS0020.txt		20.00	3.45	1.73	57041.50	39.74	3.128492e+05	7.902406e+00	6.324485e+00	191.50	21.020891	4475	1.984e-03
300kHz_150dA_100Mss_bobN5LB100CP2VS0022.txt		20.00	4.17	1.99	57041.50	44.16	3.128492e+05	8.732077e+00	6.334859e+00	264.72	26.309610	4475	2.073e-03
300kHz_150dA_100Mss_bobN5LB100CP2VS0023.txt		20.00	4.00	1.98	57041.50	39.69	3.128492e+05	7.824488e+00	6.337543e+00	249.52	27.678821	4475	1.992e-03
300kHz_150dA_100Mss_bobN5LB100CP2VS0024.txt		20.00	4.24	2.11	57041.50	39.42	3.128492e+05	7.646411e+00	6.345452e+00	279.27	31.715787	4475	1.989e-03
300kHz_150dA_100Mss_bobN5LB100CP2VS0025.txt		20.00	3.64	1.78	57041.50	41.22	3.128492e+05	8.169903e+00	6.325019e+00	200.55	21.293255	4475	2.018e-03
300kHz_150dA_100Mss_bobN5LB100CP2VS0027.txt		20.00	3.43	1.70	57041.50	41.06	3.128492e+05	8.125130e+00	6.325058e+00	199.63	21.313262	4475	1.999e-03
300kHz_150dA_100Mss_bobN5LB100CP2VS0029.txt		20.00	3.56	1.74	57041.50	42.06	3.128492e+05	8.312610e+00	6.326302e+00	210.30	21.946688	4475	2.031e-03
300kHz_150dA_100Mss_bobN5LB100CP2VS0030.txt		20.00	3.98	1.83	57041.50	48.60	3.128492e+05	9.469821e+00	6.327475e+00	246.09	22.544573	4475	2.155e-03
300kHz_150dA_100Mss_bobN5LB100CP2VS0033.txt		20.00	4.26	2.00	57041.50	45.79	3.128492e+05	8.983555e+00	6.335557e+00	276.02	26.665764	4475	2.115e-03
300kHz_150dA_100Mss_bobN5LB100CP2VS0034.txt		20.00	4.14	2.11	57041.50	38.29	3.128492e+05	7.491801e+00	6.346884e+00	279.91	32.447521	4475	1.933e-03
300kHz_150dA_100Mss_bobN5LB100CP2VS0036.txt		20.00	4.27	1.93	57041.50	49.69	3.128492e+05	9.662291e+00	6.330946e+00	270.76	24.314293	4475	2.179e-03
