# Configuracion:
# Concentracion g/m^3_=_950.0
# C_Vs_to_Am_M_A/Vsm_=_25649819763.59163
# pendiente_HvsI_1/m_=_3716.3
# ordenada_HvsI_A/m_=_1297.0
# frecuencia_ref_Hz_=_311438.31145822816
# 
Resultados:
# tau_s_=_(3.00+/-1.01)e+01
# dphi_rad_=_6.34+/-0.02
# SAR_W/g_=_426.10+/-146.26
# Hc_kA/m_=_2.76+/-0.27
# Mr_A/m_=_15.92+/-1.66
# Suceptibilidad_a_M=0_=_0.0058+/-0.0001
Nombre_archivo	Time_m_(s)	Temperatura_(ºC)	Mr_(A/m)	Hc_(kA/m)	Campo_max_(A/m)	Mag_max_(A/m)	f0	mag0	dphi0	SAR_(W/g)	Tau_(ns)	N	xi_M_0
300kHz_150dA_100Mss_bobN5NP97P0010.txt		20.00	15.73	2.66	57041.50	98.33	3.114572e+05	1.965892e+01	6.331956e+00	412.65	24.942810	4495	5.929e-03
300kHz_150dA_100Mss_bobN5NP97P0011.txt		20.00	18.60	3.13	57041.50	95.93	3.114572e+05	1.889834e+01	6.365184e+00	666.46	41.997193	4495	5.908e-03
300kHz_150dA_100Mss_bobN5NP97P0012.txt		20.00	16.07	2.78	57041.50	82.50	3.114572e+05	1.701903e+01	6.343937e+00	444.89	31.083079	4495	5.750e-03
300kHz_150dA_100Mss_bobN5NP97P0013.txt		20.00	15.84	2.79	57041.50	76.55	3.114572e+05	1.590117e+01	6.344534e+00	419.75	31.389491	4495	5.663e-03
300kHz_150dA_100Mss_bobN5NP97P0014.txt		20.00	15.91	2.84	57041.50	74.09	3.114572e+05	1.545045e+01	6.348824e+00	436.34	33.590925	4495	5.594e-03
300kHz_150dA_100Mss_bobN5NP97P0015.txt		20.00	14.52	2.52	57041.50	84.94	3.114572e+05	1.724636e+01	6.324074e+00	303.54	20.906805	4495	5.774e-03
300kHz_150dA_100Mss_bobN5NP97P0016.txt		20.00	16.35	2.85	57041.50	80.48	3.114572e+05	1.668223e+01	6.347901e+00	464.51	33.117494	4495	5.722e-03
300kHz_150dA_100Mss_bobN5NP97P0017.txt		20.00	15.23	2.62	57041.50	88.21	3.114572e+05	1.786454e+01	6.330506e+00	363.84	24.200309	4495	5.819e-03
300kHz_150dA_100Mss_bobN5NP97P0018.txt		20.00	13.42	2.39	57041.50	77.59	3.114572e+05	1.581080e+01	6.313871e+00	208.86	15.685885	4495	5.630e-03
300kHz_150dA_100Mss_bobN5NP97P0019.txt		20.00	17.60	3.13	57041.50	76.37	3.114572e+05	1.553658e+01	6.369298e+00	575.33	44.114741	4495	5.571e-03
300kHz_150dA_100Mss_bobN5NP97P0020.txt		20.00	15.74	2.74	57041.50	79.79	3.114572e+05	1.645258e+01	6.341300e+00	411.44	29.731476	4495	5.743e-03
300kHz_150dA_100Mss_bobN5NP97P0021.txt		20.00	14.64	2.55	57041.50	84.10	3.114572e+05	1.701541e+01	6.325168e+00	307.48	21.466836	4495	5.756e-03
300kHz_150dA_100Mss_bobN5NP97P0022.txt		20.00	17.04	3.02	57041.50	75.40	3.114572e+05	1.543863e+01	6.362099e+00	524.01	40.410579	4495	5.609e-03
300kHz_150dA_100Mss_bobN5NP97P0023.txt		20.00	15.25	2.53	57041.50	95.32	3.114572e+05	1.911481e+01	6.326926e+00	359.87	22.366704	4495	6.018e-03
300kHz_150dA_100Mss_bobN5NP97P0024.txt		20.00	18.99	3.25	57041.50	84.74	3.114572e+05	1.689870e+01	6.378801e+00	694.63	49.011467	4495	5.769e-03
300kHz_150dA_100Mss_bobN5NP97P0025.txt		20.00	20.49	3.48	57041.50	89.50	3.114572e+05	1.736167e+01	6.393361e+00	821.92	56.531656	4495	5.781e-03
300kHz_150dA_100Mss_bobN5NP97P0026.txt		20.00	17.68	3.02	57041.50	85.81	3.114572e+05	1.736881e+01	6.361868e+00	587.80	40.292134	4495	5.794e-03
300kHz_150dA_100Mss_bobN5NP97P0027.txt		20.00	14.73	2.57	57041.50	80.14	3.114572e+05	1.643419e+01	6.329343e+00	326.49	23.604362	4495	5.729e-03
300kHz_150dA_100Mss_bobN5NP97P0028.txt		20.00	17.34	2.99	57041.50	83.11	3.114572e+05	1.695289e+01	6.358633e+00	550.19	38.628980	4495	5.779e-03
300kHz_150dA_100Mss_bobN5NP97P0029.txt		20.00	13.03	2.33	57041.50	74.21	3.114572e+05	1.515458e+01	6.308711e+00	166.53	13.046957	4495	5.589e-03
300kHz_150dA_100Mss_bobN5NP97P0030.txt		20.00	13.74	2.45	57041.50	74.28	3.114572e+05	1.531089e+01	6.319419e+00	238.81	18.524652	4495	5.626e-03
300kHz_150dA_100Mss_bobN5NP97P0031.txt		20.00	15.92	2.81	57041.50	78.36	3.114572e+05	1.620792e+01	6.344431e+00	427.13	31.337541	4495	5.670e-03
300kHz_150dA_100Mss_bobN5NP97P0032.txt		20.00	14.75	2.62	57041.50	75.90	3.114572e+05	1.564744e+01	6.330829e+00	320.86	24.365877	4495	5.631e-03
300kHz_150dA_100Mss_bobN5NP97P0033.txt		20.00	16.77	2.88	57041.50	82.88	3.114572e+05	1.711289e+01	6.350378e+00	494.71	34.388958	4495	5.807e-03
300kHz_150dA_100Mss_bobN5NP97P0034.txt		20.00	15.04	2.58	57041.50	85.16	3.114572e+05	1.733120e+01	6.330453e+00	352.58	24.172793	4495	5.836e-03
300kHz_150dA_100Mss_bobN5NP97P0035.txt		20.00	15.30	2.63	57041.50	85.02	3.114572e+05	1.736424e+01	6.332824e+00	370.96	25.387294	4495	5.816e-03
300kHz_150dA_100Mss_bobN5NP97P0036.txt		20.00	14.02	2.43	57041.50	81.64	3.114572e+05	1.659764e+01	6.317929e+00	248.23	17.761674	4495	5.770e-03
300kHz_150dA_100Mss_bobN5NP97P0037.txt		20.00	16.62	2.86	57041.50	86.17	3.114572e+05	1.762589e+01	6.346421e+00	479.57	32.358155	4495	5.785e-03
300kHz_150dA_100Mss_bobN5NP97P0038.txt		20.00	15.36	2.59	57041.50	91.16	3.114572e+05	1.843243e+01	6.330755e+00	377.38	24.327616	4495	5.938e-03
