# Configuracion:
# Concentracion g/m^3_=_700.0
# C_Vs_to_Am_M_A/Vsm_=_25649819763.59163
# pendiente_HvsI_1/m_=_3716.3
# ordenada_HvsI_A/m_=_1297.0
# frecuencia_ref_Hz_=_312897.4675585678
# 
Resultados:
# tau_s_=_(3.65+/-0.57)e+01
# dphi_rad_=_6.35+/-0.01
# SAR_W/g_=_470.40+/-62.98
# Hc_kA/m_=_4.03+/-0.14
# Mr_A/m_=_17.41+/-0.60
# Suceptibilidad_a_M=0_=_0.0044+/-0.0001
Nombre_archivo	Time_m_(s)	Temperatura_(ºC)	Mr_(A/m)	Hc_(kA/m)	Campo_max_(A/m)	Mag_max_(A/m)	f0	mag0	dphi0	SAR_(W/g)	Tau_(ns)	N	xi_M_0
300kHz_150dA_100Mss_bobN5LB97CP2VS0010.txt		20.00	17.04	4.20	57041.50	47.32	3.128492e+05	9.733807e+00	6.365540e+00	469.98	41.985295	4475	4.126e-03
300kHz_150dA_100Mss_bobN5LB97CP2VS0011.txt		20.00	16.50	3.93	57041.50	53.28	3.128492e+05	1.128253e+01	6.346856e+00	421.35	32.430208	4475	4.286e-03
300kHz_150dA_100Mss_bobN5LB97CP2VS0012.txt		20.00	17.03	3.98	57041.50	56.30	3.128492e+05	1.181802e+01	6.349773e+00	461.54	33.920614	4475	4.358e-03
300kHz_150dA_100Mss_bobN5LB97CP2VS0014.txt		20.00	16.95	4.08	57041.50	47.84	3.128492e+05	1.006374e+01	6.358092e+00	442.05	38.173121	4475	4.230e-03
300kHz_150dA_100Mss_bobN5LB97CP2VS0015.txt		20.00	17.18	4.10	57041.50	50.26	3.128492e+05	1.064339e+01	6.356960e+00	460.45	37.594184	4475	4.295e-03
300kHz_150dA_100Mss_bobN5LB97CP2VS0016.txt		20.00	18.10	4.16	57041.50	56.22	3.128492e+05	1.174130e+01	6.365893e+00	569.33	42.165945	4475	4.433e-03
300kHz_150dA_100Mss_bobN5LB97CP2VS0017.txt		20.00	16.79	3.89	57041.50	53.79	3.128492e+05	1.130465e+01	6.342633e+00	394.21	30.274055	4475	4.399e-03
300kHz_150dA_100Mss_bobN5LB97CP2VS0018.txt		20.00	17.44	4.04	57041.50	55.36	3.128492e+05	1.164914e+01	6.351455e+00	466.42	34.780401	4475	4.403e-03
300kHz_150dA_100Mss_bobN5LB97CP2VS0019.txt		20.00	16.58	3.85	57041.50	53.44	3.128492e+05	1.122475e+01	6.340353e+00	376.43	29.110593	4475	4.401e-03
300kHz_150dA_100Mss_bobN5LB97CP2VS0020.txt		20.00	16.59	3.82	57041.50	57.25	3.128492e+05	1.194697e+01	6.337551e+00	381.03	27.680791	4475	4.446e-03
300kHz_150dA_100Mss_bobN5LB97CP2VS0021.txt		20.00	18.08	4.12	57041.50	55.98	3.128492e+05	1.177587e+01	6.360522e+00	534.00	39.416335	4475	4.467e-03
300kHz_150dA_100Mss_bobN5LB97CP2VS0022.txt		20.00	18.22	4.22	57041.50	52.56	3.128492e+05	1.094113e+01	6.370929e+00	562.75	44.746780	4475	4.390e-03
300kHz_150dA_100Mss_bobN5LB97CP2VS0023.txt		20.00	18.16	4.19	57041.50	52.07	3.128492e+05	1.085201e+01	6.368629e+00	543.57	43.567349	4475	4.401e-03
300kHz_150dA_100Mss_bobN5LB97CP2VS0024.txt		20.00	18.17	4.34	57041.50	47.48	3.128492e+05	9.706328e+00	6.380058e+00	551.03	49.429890	4475	4.262e-03
300kHz_150dA_100Mss_bobN5LB97CP2VS0025.txt		20.00	17.33	4.08	57041.50	48.60	3.128492e+05	1.022885e+01	6.355485e+00	433.69	36.840117	4475	4.335e-03
300kHz_150dA_100Mss_bobN5LB97CP2VS0026.txt		20.00	16.86	3.84	57041.50	55.70	3.128492e+05	1.164656e+01	6.340247e+00	389.86	29.056501	4475	4.485e-03
300kHz_150dA_100Mss_bobN5LB97CP2VS0027.txt		20.00	16.58	3.82	57041.50	54.22	3.128492e+05	1.136378e+01	6.337208e+00	360.15	27.505969	4475	4.444e-03
300kHz_150dA_100Mss_bobN5LB97CP2VS0028.txt		20.00	17.99	4.09	57041.50	54.54	3.128492e+05	1.148093e+01	6.360665e+00	521.58	39.489602	4475	4.476e-03
300kHz_150dA_100Mss_bobN5LB97CP2VS0029.txt		20.00	17.95	4.07	57041.50	55.63	3.128492e+05	1.153705e+01	6.361003e+00	526.41	39.662320	4475	4.484e-03
300kHz_150dA_100Mss_bobN5LB97CP2VS0030.txt		20.00	17.62	3.97	57041.50	56.66	3.128492e+05	1.193571e+01	6.351297e+00	476.79	34.699353	4475	4.520e-03
300kHz_150dA_100Mss_bobN5LB97CP2VS0033.txt		20.00	17.71	4.03	57041.50	54.42	3.128492e+05	1.150942e+01	6.355163e+00	485.82	36.675737	4475	4.487e-03
300kHz_150dA_100Mss_bobN5LB97CP2VS0034.txt		20.00	17.45	3.94	57041.50	58.04	3.128492e+05	1.210818e+01	6.349393e+00	470.18	33.727053	4475	4.522e-03
300kHz_150dA_100Mss_bobN5LB97CP2VS0035.txt		20.00	17.62	3.94	57041.50	57.20	3.128492e+05	1.201488e+01	6.351640e+00	482.36	34.874441	4475	4.551e-03
300kHz_150dA_100Mss_bobN5LB97CP2VS0036.txt		20.00	18.45	4.18	57041.50	53.57	3.128492e+05	1.113859e+01	6.370034e+00	567.07	44.287629	4475	4.487e-03
300kHz_150dA_100Mss_bobN5LB97CP2VS0037.txt		20.00	16.95	3.81	57041.50	55.82	3.128492e+05	1.174131e+01	6.343015e+00	412.06	30.469177	4475	4.527e-03
